[settings]
cuvid=1
GPU_0=Driver0: NVIDIA GeForce GT 720M, 21.21.13.7654, 20161229000000.000000-000, OK
GPU_1=Driver1: Intel(R) HD Graphics, 10.18.10.4252, 20150710000000.000000-000, OK
gpu_count=2
dx11_1=1
dx11_0=1
dx9_1=1
dx9_0=1
qsv=1
new_nvenc=1
cuda=1
qsv_enc=1
